|name|180|100|12班|1232151234|1|79|79|79|79|79|79|79|79|79|79
|name|180|100|12班|1232151234|2|79|79|79|79|79|79|79|79|79|79
|name|180|100|12班|1232151234|3|79|79|79|79|79|79|79|79|79|79
|name|180|100|12班|1232151234|4|79|79|79|79|79|79|79|79|79|79
|name|180|100|12班|1232151234|5|79|79|79|79|79|79|79|79|79|79
|name|180|100|12班|1232151234|6|79|79|79|79|79|79|79|79|79|79
|name|180|100|12班|1232151234|7|79|79|79|79|79|79|79|79|79|79
|name|180|100|12班|1232151234|8|79|79|79|79|79|79|79|79|79|79
|name|180|100|12班|1232151234|9|79|79|79|79|79|79|79|79|79|79
|name|180|100|12班|1232151234|10|79|79|79|79|79|79|79|79|79|79
|name|180|100|12班|1232151234|11|79|79|79|79|79|79|79|79|79|79
|name|180|100|12班|1232151234|12|79|79|79|79|79|79|79|79|79|79
|name|180|100|12班|1232151234|13|79|79|79|79|79|79|79|79|79|79
